,,,,,,,,
cv_simdata_p2_r0.csv , 1265398 , 1228256.0 , 0.970647970045788 , 1119762.45 , 0.8849092933606659 , 1348626.1500000001 , 1.0657723103719148 , 0.9985347878594829
cv_simdata_p2_r0.csv , 1265398 , 1224507.5 , 0.967685660954103 , 1107767.85 , 0.8754303784263924 , 1367805.15 , 1.080928806588915
cv_simdata_p2_r1.csv , 1253621 , 1207966.5 , 0.9635818959637722 , 1115364.45 , 0.8897142358017295 , 1311477.6500000001 , 1.0461516279641137 , 1.011852694392276
cv_simdata_p2_r1.csv , 1253621 , 1221634.5 , 0.9744847126842962 , 1115520.5999999999 , 0.8898387949787055 , 1349256.2 , 1.076287171322114
cv_simdata_p2_r2.csv , 1246172 , 1158569.5 , 0.9297027216146728 , 1068210.6 , 0.8571935495260687 , 1257704.0 , 1.0092539392636009 , 0.9869412398530301
cv_simdata_p2_r2.csv , 1246172 , 1101007.0 , 0.8835112648976224 , 1011471.25 , 0.8116626356554312 , 1199748.8 , 0.9627473575076314
cv_simdata_p2_r3.csv , 1284503 , 1278855.5 , 0.9956033578746021 , 1172724.0 , 0.912978794132828 , 1395296.75 , 1.0862541776858443 , 0.9120621628012041
cv_simdata_p2_r3.csv , 1284503 , 1252082.5 , 0.9747602769320118 , 1142067.85 , 0.889112637339111 , 1376799.0499999998 , 1.0718535106574292
cv_simdata_p2_r4.csv , 1248769 , 1270832.5 , 1.0176681996430084 , 1176024.6500000001 , 0.9417471525958765 , 1380915.4 , 1.1058213328485893 , 1.0100368028410542
cv_simdata_p2_r4.csv , 1248769 , 1253215.0 , 1.0035603061895355 , 1143439.0499999998 , 0.9156529750498289 , 1392393.0 , 1.1150124642748178
cv_simdata_p2_r5.csv , 1234295 , 1160267.5 , 0.9400244674085206 , 1064451.15 , 0.8623960641499803 , 1260619.8 , 1.021327802510745 , 0.9603987432342354
cv_simdata_p2_r5.csv , 1234295 , 1130676.0 , 0.9160500528641856 , 1031036.6000000001 , 0.835324294435285 , 1243304.0999999999 , 1.0072989844405105
cv_simdata_p2_r6.csv , 1290065 , 1169248.0 , 0.9063481297454005 , 1059531.75 , 0.8213010584737979 , 1304804.25 , 1.0114251995054513 , 0.9427970472756401
cv_simdata_p2_r6.csv , 1290065 , 1109926.5 , 0.8603647878207688 , 1005741.95 , 0.7796056400258902 , 1237535.5999999999 , 0.9592815865867222
cv_simdata_p2_r7.csv , 1274962 , 1241362.5 , 0.9736466655476791 , 1136687.85 , 0.891546453933529 , 1356624.45 , 1.0640508893598397 , 0.9564197514868
cv_simdata_p2_r7.csv , 1274962 , 1147973.0 , 0.9003978157780389 , 1063081.9 , 0.8338145764344348 , 1244562.0999999999 , 0.9761562305386355
cv_simdata_p2_r8.csv , 1287793 , 1306984.5 , 1.0149026279844664 , 1204645.3 , 0.9354339556124316 , 1424877.5999999999 , 1.1064492507724455 , 0.9687367900060345
cv_simdata_p2_r8.csv , 1287793 , 1242898.0 , 0.9651380307238818 , 1142621.1 , 0.8872707803195079 , 1359641.45 , 1.0557919246338503
cv_simdata_p2_r9.csv , 1261763 , 1257006.0 , 0.9962298783527493 , 1162454.75 , 0.9212940544301902 , 1354716.9000000001 , 1.0736698571760308 , 1.0094888730729255
cv_simdata_p2_r9.csv , 1261763 , 1231233.0 , 0.9758036968907791 , 1116754.8 , 0.8850749308705359 , 1366155.25 , 1.0827352284066025