p,r,true,value,estimate,frac_estimate,lci,frac_lci,uci,frac_uci
1,0,1239029,1207530.0925925926,0.9745777480531873,1097814.4268270726,0.8860280322955093,1317245.7583581125,1.0631274638108652
1,1,1313131,1156145.8333333333,0.8804497291841661,1073758.7745446207,0.8177088002222327,1238532.8921220459,0.9431906581460996
1,2,1338228,1274243.0555555555,0.952186813872939,1167933.5876909362,0.8727463389578877,1380552.5234201748,1.0316272887879905
1,3,1265149,1353101.851851852,1.0695197576347544,1232223.4971182598,0.9739749998761092,1473980.206585444,1.1650645153933996
1,4,1271689,1378666.6666666665,1.084122506891753,1207819.5394368812,0.9497758802953247,1549513.7938964518,1.2184691334881814
1,5,1320991,1321935.1851851854,1.000714755199078,1184216.2619889902,0.8964605072926237,1459654.1083813806,1.1049690031055326
1,6,1257131,1123553.240740741,0.8937439620379586,1050999.3439319453,0.8360300906842209,1196107.1375495365,0.9514578333916963
1,7,1365237,1198974.537037037,0.878217142545241,1035044.4555074202,0.758142692812618,1362904.618566654,0.9982915922778638
1,8,1256098,1128289.351851852,0.8982494613094296,1043341.4142026685,0.8306210297306965,1213237.2895010354,0.9658778928881626
1,9,1300620,1230370.3703703703,0.9459875831298691,1116422.7277260635,0.8583773336762955,1344318.0130146772,1.0335978325834427
2,0,1269594,1389844.9074074074,1.094716033162891,1286813.853358818,1.013563275628916,1492875.9614559968,1.175868790696866
2,1,1292496,1376527.7777777778,1.0650151163158554,1283209.2058773316,0.9928148372430797,1469846.349678224,1.137215395388631
2,2,1328153,1173206.0185185184,0.8833364970139121,1092858.4693988971,0.8228407942450133,1253553.5676381397,0.943832199782811
2,3,1265521,1323335.648148148,1.0456844636700207,1217264.4048796198,0.961868198852188,1429406.8914166763,1.129500728487853
2,4,1297704,1371282.4074074074,1.0566989139336918,1261545.9427290394,0.972136899269047,1481018.8720857755,1.1412609285983364
2,5,1313449,1235717.5925925926,0.9408188613281464,1105462.9038995656,0.8416488983581133,1365972.2812856196,1.0399888242981796
2,6,1380271,1383810.1851851852,1.0025641234114062,1246477.600784639,0.903067296773343,1521142.7695857314,1.1020609500494696
2,7,1285725,1205162.037037037,0.9373404398584745,1137009.0260865267,0.8843329841813192,1273315.0479875475,0.9903478955356296
2,8,1282197,1129766.2037037036,0.8811174910748533,1033100.861820589,0.8057270932786375,1226431.5455868181,0.9565078888710691
2,9,1287730,1267597.2222222222,0.9843656839727445,1228079.6101877138,0.9536778751661558,1307114.8342567307,1.015053492779333
3,0,1276929,1287076.388888889,1.0079467134734108,1210345.2576425462,0.9478563472538772,1363807.5201352318,1.0680370796929444
3,1,1269557,1142854.1666666667,0.900199177088281,1075982.7788829468,0.8475261676970367,1209725.5544503867,0.9528721864795253
3,2,1293662,1209541.6666666665,0.9349750295414617,1142840.318603454,0.8834149249212344,1276243.014729879,0.9865351341616891
3,3,1280725,1250740.740740741,0.976588058123907,1200891.376114683,0.9376652881100025,1300590.1053667988,1.0155108281378116
3,4,1291959,1313863.425925926,1.0169544280630625,1219101.2067569399,0.9436067295919917,1408625.6450949123,1.0903021265341333
3,5,1332402,1354324.0740740742,1.0164530480095904,1261008.19078608,0.9464172155145969,1447639.9573620684,1.0864888805045838
3,6,1266477,1254687.5,0.9906911061156263,1168505.2640147137,0.9226423093468841,1340869.7359852863,1.0587399028843685
3,7,1271160,1188229.1666666667,0.93475972077997,1136682.5413144955,0.8942088653784697,1239775.792018838,0.9753105761814704
3,8,1305401,1212418.9814814813,0.9287712982305677,1135824.0677821646,0.8700959075273916,1289013.8951807981,0.9874466889337439
3,9,1307122,1207606.4814814813,0.9238666945254393,1128165.6530895263,0.8630913205420201,1287047.3098734363,0.9846420685088586
4,0,1314617,1216111.111111111,0.9250687547103917,1169824.1252637128,0.8898592709996241,1262398.0969585092,0.9602782384211593
4,1,1302774,1304798.6111111112,1.0015540770011615,1244477.5523281288,0.955252063925231,1365119.6698940936,1.0478560900770921
4,2,1308939,1282543.9814814813,0.9798347986281113,1222269.9596724447,0.9337867995929869,1342818.003290518,1.0258827976632356
4,3,1327060,1302328.7037037036,0.9813638446669356,1236031.4204827968,0.9314058297912655,1368625.9869246103,1.0313218595426057
4,4,1297908,1238212.962962963,0.954006726950572,1176721.4812069074,0.9066293459990288,1299704.4447190184,1.001384107902115
4,5,1291619,1337518.5185185184,1.0355364225197357,1282273.2117620893,0.9927642840203569,1392763.8252749476,1.0783085610191145
4,6,1341868,1283282.4074074074,0.956340271477826,1206270.1344976109,0.8989484319602307,1360294.680317204,1.0137321109954214
4,7,1296536,1226703.7037037036,0.9461393310357009,1183646.4853685407,0.9129299035032893,1269760.9220388664,0.9793487585681127
4,8,1301780,1318039.351851852,1.0124900919140345,1232090.0725720385,0.9464656643764987,1403988.6311316653,1.0785145194515704
4,9,1294623,1375662.037037037,1.062596630090024,1310300.043672423,1.0121093505000476,1441024.030401651,1.1130839096800003
5,0,1283648,1268259.2592592593,0.9880117129144901,1188727.350336233,0.9260539885827213,1347791.1681822857,1.049969437246259
5,1,1298623,1218733.7962962962,0.9384816042040656,1146291.4294531182,0.8826976185183215,1291176.163139474,0.9942655898898095
5,2,1293730,1259270.8333333333,0.9733644835733369,1226020.5969685304,0.947663420472997,1292521.069698136,0.999065546673677
5,3,1261194,1239715.2777777778,0.9829695334562151,1183932.6037598066,0.9387394831880002,1295497.951795749,1.02719958372443
5,4,1308901,1173409.7222222222,0.8964847014573465,1119612.090690966,0.8553833259283674,1227207.3537534785,0.9375860769863256
5,5,1316985,1316460.648148148,0.9996018543477322,1270651.1565617276,0.9648182451293884,1362270.1397345685,1.0343854635660759
5,6,1336145,1303219.9074074072,0.9753581440692494,1254300.4734675144,0.9387457749477148,1352139.3413473,1.011970513190784
5,7,1295100,1188534.7222222222,0.917716564143481,1125098.0267565502,0.8687344813192419,1251971.4176878943,0.9666986469677201
5,8,1269986,1348442.1296296294,1.0617771610314046,1290448.4036732453,1.0161123064925481,1406435.8555860135,1.1074420155702611
5,9,1288256,1270525.4629629632,0.9862367906401858,1214211.016046959,0.9425230824051734,1326839.9098789673,1.0299504988751982
6,0,1283119,1243814.8148148148,0.9693682462926781,1180302.6247897504,0.9198699612348897,1307327.0048398792,1.0188665313504666
6,1,1300276,1256138.888888889,0.9660555827292736,1211948.2996413936,0.9320700371624129,1300329.4781363844,1.0000411282961343
6,2,1319247,1252650.462962963,0.9495192810466598,1184393.5658598447,0.8977799956034349,1320907.3600660812,1.001258566489885
6,3,1348739,1280837.962962963,0.9496559104192605,1220220.7346288557,0.9047122791206125,1341455.1912970701,0.9945995417179084
6,4,1322956,1271951.388888889,0.9614464796175299,1201630.0933693466,0.9082918051464649,1342272.6844084314,1.014601154088595
6,5,1265142,1207912.037037037,0.9547640004339727,1165531.5374637987,0.9212653895482078,1250292.5366102755,0.9882626113197376
6,6,1304535,1318395.8333333333,1.0106251141850033,1257861.3613953989,0.964222011211197,1378930.3052712677,1.0570282171588097
6,7,1282677,1324099.537037037,1.0322938175682865,1265873.6982859217,0.986899818337681,1382325.3757881525,1.0776878167988921
6,8,1294374,1323743.0555555555,1.0226897755637516,1283686.2994464205,0.991742957944474,1363799.8116646905,1.0536365931830294
6,9,1277725,1221432.8703703703,0.9559434701288386,1179851.5399811137,0.9234002152115,1263014.200759627,0.9884867250461773
7,0,1290114,1321171.2962962962,1.0240732960779406,1291852.7537905078,1.0013477520517626,1350489.8388020846,1.0467988401041184
7,1,1279025,1282365.740740741,1.0026119432698664,1241980.0132584714,0.971036542099233,1322751.4682230104,1.0341873444404999
7,2,1332933,1250053.2407407407,0.9378215114643726,1202662.2217607365,0.9022675721590931,1297444.2597207448,0.9733754507696522
7,3,1300011,1247226.8518518517,0.9593971526793632,1194400.4483157261,0.9187618014891613,1300053.2553879772,1.0000325038695652
7,4,1310274,1297949.0740740742,0.9905936270383707,1256209.4336065904,0.958737969009986,1339688.714541558,1.0224492850667555
7,5,1284905,1209465.2777777778,0.9412877043655195,1144940.5347494388,0.8910701839820366,1273990.0208061168,0.9915052247490023
7,6,1281975,1264949.0740740742,0.9867189875575375,1220831.3280431146,0.9523050980269621,1309066.8201050337,1.021132877088113
7,7,1282181,1247074.074074074,0.9726193681501082,1209022.8174639663,0.9429423907108017,1285125.3306841815,1.002296345589415
7,8,1286827,1239664.351851852,0.9633496591630825,1202055.52092926,0.9341236397194495,1277273.1827744439,0.9925756786067155
7,9,1261508,1301106.4814814816,1.03138979814752,1260810.5717308063,0.9994471471689488,1341402.391232157,1.0633324491260912
8,0,1316111,1265534.722222222,0.9615714192968694,1208810.0381920382,0.9184711914056172,1322259.4062524058,1.0046716471881216
8,1,1263430,1231541.6666666665,0.9747605064520127,1199882.7265902315,0.9497025767871837,1263200.6067431015,0.9998184361168418
8,2,1279293,1253032.4074074074,0.9794725738414948,1214673.3772322787,0.9494880197361188,1291391.4375825361,1.0094571279468707
8,3,1276546,1281729.1666666667,1.0040603054387909,1237737.8441389324,0.9695990932868321,1325720.489194401,1.0385215175907496
8,4,1290651,1325983.7962962964,1.0273759492661427,1273017.2327542112,0.9863373078812252,1378950.3598383816,1.0684145906510603
8,5,1296879,1283129.6296296297,0.9893981085588013,1243158.570690089,0.9585771461254974,1323100.6885691704,1.0202190709921053
8,6,1296480,1287050.9259259258,0.9927271735205524,1253808.8663138752,0.9670869325511193,1320292.9855379765,1.0183674144899855
8,7,1291614,1313125.0,1.0166543564873096,1260248.057298282,0.9757156993484756,1366001.942701718,1.0575930136261438
8,8,1303054,1276585.6481481483,0.9796874482163811,1236219.0988422597,0.9487090318914333,1316952.197454037,1.010665864541329
8,9,1275968,1324150.462962963,1.0377614979082257,1281638.0210452147,1.004443701601619,1366662.904880711,1.0710792942148322
9,0,1293675,1256011.5740740742,0.9708864854573785,1214069.0057826187,0.9384652295071163,1297954.1423655297,1.0033077414076408
9,1,1311561,1285854.1666666665,0.9803998187401627,1246473.7026615203,0.950374174484847,1325234.6306718127,1.0104254629954785
9,2,1295982,1302379.6296296297,1.0049365111781103,1263636.179432648,0.9750414584713738,1341123.0798266113,1.0348315638848467
9,3,1311914,1307319.4444444443,0.9964978226045642,1263740.9733286202,0.9632803471329829,1350897.9155602683,1.0297152980761455
9,4,1281498,1266782.4074074074,0.9885168821234269,1238284.294026788,0.9662787566010935,1295280.5207880267,1.0107550076457605
9,5,1267120,1189731.4814814813,0.9389256593546637,1154088.8322919752,0.9107967929572378,1225374.1306709875,0.9670545257520894
9,6,1274358,1337391.2037037036,1.049462712757093,1286505.8044167652,1.0095324896275342,1388276.602990642,1.0893929358866519
9,7,1287574,1269736.1111111112,0.9861461252798761,1229145.3077934603,0.9546210996754053,1310326.9144287622,1.017671150884347
9,8,1292640,1260340.2777777778,0.975012592661358,1227173.087225162,0.9493541026311749,1293507.4683303935,1.000671082691541
9,9,1301752,1305969.9074074074,1.0032401773973902,1259861.7630644124,0.9678201094097896,1352078.0517504024,1.0386602453849907
10,0,1333968,1386280.0925925926,1.039215402912658,1323909.5406924302,0.9924597446808546,1448650.644492755,1.0859710611444615
10,1,1312321,1281423.6111111112,0.9764559213112579,1255230.1011998097,0.95649623925839,1307617.1210224128,0.9964156033641257
10,2,1282469,1266807.8703703703,0.9877882977057304,1234897.06977004,0.9629059803940991,1298718.6709707007,1.0126706150173617
10,3,1295639,1254840.277777778,0.9685107331423166,1219670.594704602,0.9413660708766886,1290009.960850954,0.9956553954079447
10,4,1300995,1320407.4074074074,1.0149212006252195,1283704.8367103108,0.9867100463186337,1357109.978104504,1.0431323549318052
10,5,1324062,1343553.240740741,1.0147207915798058,1287016.482303632,0.9720213119201608,1400089.9991778499,1.057420271239451
10,6,1261934,1233553.2407407407,0.9775101080886486,1203179.1069256784,0.9534405974683925,1263927.374555803,1.0015796187089048
10,7,1315975,1347474.537037037,1.0239362731336363,1304119.8843629835,0.9909913823309588,1390829.1897110906,1.0568811639363138
10,8,1329829,1281703.7037037038,0.9638109138120042,1229229.2641818721,0.9243513746367933,1334178.1432255355,1.0032704529872152
10,9,1284176,1286796.2962962962,1.0020404495149389,1257996.6642655197,0.9796139035969522,1315595.9283270726,1.0244669954329255
