p,r,true,value,estimate,frac_estimate,lci,frac_lci,uci,frac_uci
1,0,1239029,1208679.0,0.9755050123927689,1050119.6,0.8475343192128676,1394300.25,1.125316881202942
2,0,1269594,1324070.0,1.0429082053002772,1192051.3,0.938923230576074,1480748.3,1.1663163972104469
3,0,1276929,1247753.0,0.9771514312855296,1158254.6,0.9070626479624162,1349655.95,1.0569545761745562
4,0,1314617,1229256.5,0.9350681605364909,1144604.1,0.87067495704072,1323689.2999999998,1.0069010974298978
5,0,1283648,1279027.0,0.9964001034551528,1195306.85,0.9311796146607171,1374068.5,1.0704402608814878
6,0,1283119,1229117.0,0.9579134904868527,1168984.75,0.9110493648679506,1294500.15,1.0088699099615857
7,0,1290114,1342968.0,1.0409684725535884,1276058.6,0.9891053038723711,1416370.65,1.0978647235825671
8,0,1316111,1294903.5,0.9838862375589901,1240278.4,0.9423813037046267,1355246.5499999998,1.029735751771697
9,0,1293675,1276622.5,0.9868185595300211,1224893.5,0.9468324733800993,1332592.05,1.0300825555104645
10,0,1333968,1379227.0,1.0339281002242933,1326806.55,0.9946314679212696,1436119.15,1.0765769118899404
1,1,1313131,1192895.5,0.9084360204732049,1032106.8,0.7859892120435814,1385307.3499999999,1.0549650796455188
2,1,1292496,1337093.0,1.034504555526671,1210440.1,0.9365136139686313,1481146.7,1.1459584401034897
3,1,1269557,1155174.0,0.9099032182091864,1067373.7,0.8407450000275687,1254159.15,0.9878714780037445
4,1,1302774,1281942.5,0.9840098896662046,1204087.75,0.9242491406798109,1367595.1,1.0497562125126845
5,1,1298623,1218608.5,0.9383851202388992,1145710.75,0.8822504683807387,1299793.0999999999,1.0009010313231783
6,1,1300276,1275064.0,0.9806102704348922,1213374.8,0.9331671122130994,1340764.4500000002,1.0311383506270977
7,1,1279025,1321216.5,1.0329872363714547,1261615.6500000001,0.986388577236567,1385552.7,1.0832882078145463
8,1,1263430,1254456.0,0.9928971134134855,1206604.5,0.9550228346643661,1305248.3499999999,1.0330990636600366
9,1,1311561,1320843.5,1.0070774443582875,1270404.0999999999,0.968619911693013,1374238.95,1.0477888180572614
10,1,1312321,1373594.5,1.0466909391833248,1353693.2,1.0315259757330715,1393784.45,1.0620758564406116
1,2,1338228,1170115.0,0.8743764141835323,969690.8,0.7246080637977983,1424218.2999999998,1.0642568381471615
2,2,1328153,1140041.5,0.8583660918583929,1019476.9,0.7675899538682667,1286874.95,0.9689207116951134
3,2,1293662,1227794.5,0.9490844594646825,1135763.5,0.8779445481122581,1327600.0499999998,1.026234093604048
4,2,1308939,1139877.0,0.8708404287747558,1057688.55,0.8080502987534178,1221701.85,0.9333527765617803
5,2,1293730,1251170.5,0.9671032595672977,1176093.05,0.9090714832306587,1333197.1500000001,1.0305064812596139
6,2,1319247,1268832.0,0.9617850182717869,1198833.85,0.9087258489122962,1345977.1500000001,1.0202616719992543
7,2,1332933,1249650.5,0.9375193651893982,1189298.5,0.8922417705916201,1316491.7,0.9876653215127842
8,2,1279293,1269854.5,0.9926220967362441,1219568.75,0.9533146433225227,1323293.2,1.0343941536458028
9,2,1295982,1308790.5,1.0098832391190617,1255720.2,0.968933364815252,1365807.25,1.053878256025161
10,2,1282469,1278710.5,0.99706932487257,1236304.7999999998,0.9640036523299977,1325516.5999999999,1.0335661914634973
1,3,1265149,1342705.0,1.0613018703725807,1167124.9000000001,0.922519719021238,1556334.45,1.2301590168430754
2,3,1265521,1278976.5,1.0106323798656838,1148548.05,0.9075693331047056,1439519.65,1.1374917128992723
3,3,1280725,1279361.0,0.9989349782349841,1184046.75,0.9245128735677058,1383979.25,1.0806217181674442
4,3,1327060,1332228.5,1.0038946995614366,1238741.6,0.9334480731843323,1441531.6500000001,1.0862595888656128
5,3,1261194,1270709.0,1.0075444380483891,1193769.7,0.9465393111606937,1356935.5,1.0759133804949912
6,3,1348739,1281412.5,0.9500818913073619,1209614.9,0.8968487602123167,1362070.0499999998,1.0098840843187598
7,3,1300011,1392617.0,1.071234781859538,1349935.0,1.038402751976714,1436221.0499999998,1.104776074971673
8,3,1276546,1340348.0,1.0499801808943823,1276775.2000000002,1.0001795469963481,1411376.75,1.105621536552541
9,3,1311914,1319084.0,1.0054652972679612,1270142.5,0.9681598793823376,1371488.85,1.0454106366728309
10,3,1295639,1304631.5,1.0069405907046638,1250451.8,0.965123618538806,1364590.35,1.053218026008788
1,4,1271689,1360512.5,1.0698468729382735,1175868.0999999999,0.9246506811020618,1586268.2999999998,1.247371251933452
2,4,1297704,1355338.0,1.0444122850819602,1220406.4,0.9404351069273116,1512227.2999999998,1.1653098857674784
3,4,1291959,1273407.5,0.9856407981987044,1164760.65,0.901546140396096,1398172.4,1.0822111227987885
4,4,1297908,1267996.5,0.9769540676226667,1182733.9000000001,0.9112617381201134,1367289.95,1.053456755024239
5,4,1308901,1212510.0,0.9263573028059418,1141368.8,0.8720054457900178,1289818.9,0.9854212809066537
6,4,1322956,1291358.5,0.9761159857168341,1222066.15,0.9237390737106902,1367252.45,1.0334829351845412
7,4,1310274,1293980.5,0.9875648146876149,1233498.6,0.9414050801588065,1358420.1,1.0367450624831143
8,4,1290651,1332957.0,1.0327788069741548,1272427.5999999999,0.9858804587762299,1398899.5999999999,1.0838713176528743
9,4,1281498,1278824.5,0.9979137696664373,1226938.75,0.9574254115105915,1334634.3499999999,1.0414642473105693
10,4,1300995,1341909.0,1.031448237694995,1288462.95,0.990367334232645,1401780.7,1.0774681685940377
1,5,1320991,1357177.0,1.0273930708082037,1136902.85,0.8606439029486197,1643493.15,1.2441365232617028
2,5,1313449,1217511.5,0.926957575056207,1088481.85,0.8287203005217562,1376370.85,1.0479058189545236
3,5,1332402,1299283.0,0.975143387656278,1183037.5,0.8878983219779015,1438790.4499999997,1.0798471107068286
4,5,1291619,1342767.0,1.0395999129774338,1263492.5499999998,0.9782238802619038,1428126.75,1.1056873195578572
5,5,1316985,1306422.5,0.9919797871653815,1227404.1,0.9319803186824452,1392676.8499999999,1.0574735855002144
6,5,1265142,1231372.5,0.9733077393683871,1171836.0,0.9262485950193733,1295045.45,1.0236364376488962
7,5,1284905,1332304.5,1.0368894976671428,1290001.85,1.0039667134924373,1375013.4000000001,1.0701284530762976
8,5,1296879,1307138.5,1.0079109153591044,1246973.1500000001,0.9615184994128212,1373364.6500000001,1.0589767048429346
9,5,1267120,1225491.5,0.9671471525980175,1176897.4500000002,0.9287971541764002,1279963.7,1.0101361354883516
10,5,1324062,1356306.5,1.0243527115799713,1301527.2,0.9829805552912174,1417776.85,1.0707782943699011
1,6,1257131,1109427.5,0.8825074713772868,949730.7000000001,0.7554747277730006,1302525.0999999999,1.0361092837580173
2,6,1380271,1308209.0,0.9477914119763438,1173295.6500000001,0.8500473095500812,1469052.7,1.0643219338811
3,6,1266477,1234003.5,0.9743591869414131,1145598.4500000002,0.9045552741976366,1333182.0999999999,1.0526698076633052
4,6,1341868,1263500.5,0.941598204890496,1182982.45,0.8815937558686845,1353589.1500000001,1.008734950084509
5,6,1336145,1291950.5,0.9669238742801118,1216071.05,0.9101340423382193,1374092.0499999998,1.028400398160379
6,6,1304535,1318723.5,1.0108762892524923,1250729.7,0.9587551886304315,1393370.15,1.0680971763885214
7,6,1281975,1271097.5,0.9915150451451862,1215999.85,0.9485363209110943,1329054.15,1.0367239220733633
8,6,1296480,1289819.0,0.9948622423793657,1233533.85,0.9514484218807849,1350556.6500000001,1.041710361902999
9,6,1274358,1374570.0,1.0786372432236466,1317862.7999999998,1.034138601554665,1437207.0,1.1277890514282485 
10,6,1261934,1261645.0,0.9997709864382764,1216044.4500000002,0.9636355387841204,1310241.25,1.0382803300331078
1,7,1365237,1151658.5,0.8435593966468825,985595.25,0.721922457419481,1355558.55,0.9929107913131566
2,7,1285725,1139508.5,0.8862770032471952,1027379.75,0.7990664800015556,1264529.5,0.9835147484882071
3,7,1271160,1220969.5,0.9605159853991629,1127013.05,0.886602040655779,1323640.9,1.0412858334120016
4,7,1296536,1231925.5,0.9501668291509068,1156707.05,0.8921518955123499,1315998.1,1.015010844280452
5,7,1295100,1215638.5,0.9386445062157363,1146620.7,0.885353022932592,1289665.4,0.9958037217203304
6,7,1282677,1347530.5,1.0505610531723888,1272444.25,0.9920223485725557,1430033.0499999998,1.1148816498619682
7,7,1282181,1289718.5,1.005878655197667,1232427.9,0.9611965081373066,1351944.9000000001,1.0544103367621265
8,7,1291614,1334710.0,1.0333660056332619,1277969.85,0.9894363563727244,1396773.5,1.0814171261692735
9,7,1287574,1295099.0,1.0058443242873807,1244676.6,0.9666835459554171,1348242.1,1.0471181462191688
10,7,1315975,1351304.0,1.0268462546780903,1300538.8,0.9882701419099907,1406710.05,1.0689489162028154
1,8,1256098,1113126.0,0.8861776708505228,966118.5,0.7691426146686007,1284061.2,1.0222619572676654
2,8,1282197,1115352.5,0.8698760798847603,1007239.25,0.7855573285540366,1241752.05,0.9684565242314559
3,8,1305401,1256490.5,0.9625322027484275,1162385.3,0.8904430899011109,1360325.9,1.0420751171479108
4,8,1301780,1256310.0,0.9650709029175437,1166788.4000000001,0.8963022937823596,1359478.3,1.044322619797508
5,8,1269986,1359698.0,1.0706401487890418,1280191.4,1.0080358366155218,1449561.55,1.1413996296022162
6,8,1294374,1356220.5,1.0477810122885658,1286459.8499999999,0.9938857316355241,1434518.5,1.1082720295679611
7,8,1286827,1276133.0,0.9916896366022783,1214589.7,0.9438640159088983,1342819.5,1.0435120649473473
8,8,1303054,1299853.5,0.9975438469932942,1247127.6500000001,0.9570805584419373,1356297.35,1.0408604324916697
9,8,1292640,1274254.5,0.9857767823988117,1222234.7,0.9455337139497462,1329751.05,1.0287095014853325
10,8,1329829,1290781.5,0.9706372022267524,1240082.2,0.9325125260465819,1347815.05,1.0135250848041366
1,9,1300620,1197715.5,0.9208804262582461,1028205.4500000001,0.7905502375790009,1393288.2,1.0712492503575217
2,9,1287730,1232656.0,0.957231717829048,1122149.9,0.8714170672423567,1356320.15,1.0532643877210284
3,9,1307122,1203625.0,0.9208207038057656,1114155.55,0.8523730378648665,1303936.55,0.9975630048304597
4,9,1294623,1361395.0,1.0515764048684444,1269111.75,0.9802944563784206,1462772.5,1.1298829852397185
5,9,1288256,1284038.0,0.9967258060509713,1208338.8499999999,0.9379648532589795,1367663.7,1.0616396896269065
6,9,1277725,1258372.0,0.9848535482987341,1187411.6,0.929317028312039,1338983.5,1.0479434150541
7,9,1261508,1316023.0,1.0432141532197972,1252494.1500000001,0.992854702467206,1381732.0,1.0953018133852501
8,9,1275968,1338550.0,1.0490466845563524,1282786.7,1.0053439427948037,1399088.2,1.096491604805136
9,9,1301752,1295660.0,0.9953201531474505,1242486.65,0.9544726261223335,1352874.75,1.039272265377737
10,9,1284176,1313433.0,1.0227827026824983,1266226.75,0.9860227492181757,1364987.1,1.0629283680741581
